411111131111131111114
121111112111211111121
112111111212111111211
111311111131111113111
111121111111111121111
111112111111111211111
111111211111112111111
311111121111121111113
121111111111111111121
112111111111111111211
111311111121111113111
112111111111111111211
121111111111111111121
311111121111121111113
111111211111112111111
111112111111111211111
111121111111111121111
111311111131111113111
112111111212111111211
121111112111211111121
411111131111131111114

111211111121111112111
111131111111111131111
111114111111111411111
211111211111112111112
131111113111311111131
114111111212111111411
111211111121111112111
111111111111111111111
111131113111311131111
111112111212111211111
211111211111112111112
111112111212111211111
111131113111311131111
111111111111111111111
111211111121111112111
114111111212111111411
131111113111311111131
211111211111112111112
111114111111111411111
111131111111111131111
111211111121111112111
